Training pre-unsupervised datasets:

	training set size:  500  testing set size:  533356

	The best score was:  0.9500217116217117
	The best parameters were:  {'bag__base_estimator__svc__C': 0.9, 'bag__base_estimator__svc__kernel': 'linear'}

	Evaluation Metrics:
	Accuracy     0.898
	Macro precision       0.4808017454707283
	Micro recall      0.946103350906838

	                     0         1         2         3         4         5         6         7         8         9         10
	 Precision :          0.9982573337205926           0.023152534343912838           0.8985762512843094           0.2421310629514964           0.9313953488372093           0.46887966804979253           0.28814055636896047           0.39428426909458775           0.6273110700254217           0.3379330593071051           0.07875804619462325

	                     0         1         2         3         4         5         6         7         8         9         10
	 Recall :          0.8878842676311031           1.0           0.9564504159668789           0.9120505344995141           0.9160267930076785           0.9630681818181818           0.8669603524229075           0.982356647763075           0.9919601662783792           0.9762510602205259           0.9541284403669725

	                     0         1         2         3         4         5         6         7         8         9         10
	 F1 :          0.9398414000546896           0.045257248683372886           0.9266105382650648           0.382670744138634           0.9236471460340994           0.6306976744186047           0.43252747252747253           0.5627143114961198           0.768577344399809           0.5020719738276991           0.14550542147604054

	                     0         1         2         3         4         5         6         7         8         9         10
	 Correct Predictions :          441294           391           25603           2058           36726           1056           1135           1587           21891           1179           436


Training post-unsupervised datasets:
